0 166 100 0 166 100 0
1 168 99 358 168 99 359
2 170 98 357 170 98 358
3 173 97 355 173 97 356
4 175 96 353 175 96 353
5 176 96 351 176 96 351
6 176 97 349 176 97 350
7 176 98 347 176 98 347
8 176 99 345 176 99 345
9 176 101 343 176 101 343
10 175 103 340 175 103 341
11 176 105 338 176 105 338
12 177 106 337 177 106 337
13 177 107 335 177 107 335
14 178 107 333 178 107 333
15 180 109 333 180 109 334
16 183 111 333 183 111 333
17 185 114 332 185 114 332
18 189 115 331 189 115 331
19 190 116 331 190 116 331
20 191 118 329 191 118 330
21 192 121 328 192 121 329
22 193 122 328 193 122 328
23 194 123 327 194 123 327
24 195 124 324 195 124 325
25 196 125 322 196 125 323
26 197 126 320 197 126 320
27 197 125 317 197 125 317
28 196 125 314 196 125 314
29 197 124 311 197 124 311
30 197 122 308 197 122 308
31 198 124 307 198 124 307
32 199 126 308 199 126 308
33 199 126 308 199 126 308
34 201 126 307 201 126 307
35 203 126 305 203 126 305
36 204 126 303 204 126 303
37 203 128 301 203 128 301
38 202 130 299 202 130 299
39 202 133 297 202 133 297
40 202 134 295 202 134 295
41 200 135 294 200 135 294
42 200 134 293 200 134 293
43 200 134 292 200 134 292
44 201 134 290 201 134 289
45 200 134 287 200 134 288
46 199 134 285 199 134 285
47 197 135 283 197 135 283
48 196 136 281 196 136 281
49 194 135 279 194 135 279
50 193 136 277 193 136 276
51 192 136 273 192 136 274
52 190 136 269 190 136 269
53 187 137 266 187 137 266
54 187 139 263 187 139 263
55 189 141 262 189 141 262
56 192 142 260 192 142 260
57 193 142 260 193 142 259
58 194 142 256 194 142 256
59 194 142 254 194 142 254
60 192 141 251 192 141 251
61 191 140 249 191 140 249
62 190 140 248 190 140 248
63 190 140 246 190 140 246
64 189 139 242 189 139 242
65 190 140 240 190 140 240
66 189 141 238 189 141 238
67 189 141 235 189 141 235
68 190 143 233 190 143 233
69 192 144 231 192 144 231
70 192 146 229 192 146 229
71 192 149 226 192 149 227
72 191 148 223 191 148 223
73 190 148 221 190 148 221
74 190 148 219 190 148 219
75 190 151 219 190 151 219
76 189 153 217 189 153 217
77 188 154 215 188 154 215
78 187 154 213 187 154 213
79 187 154 210 187 154 210
80 187 154 208 187 154 208
81 185 154 205 185 154 205
82 184 154 203 184 154 203
83 183 153 201 183 153 201
84 182 153 199 182 153 199
85 180 151 197 180 151 197
86 181 151 195 181 151 195
87 180 151 193 180 151 193
88 180 151 189 180 151 189
89 180 151 187 180 151 186
90 180 152 186 180 152 186
91 181 152 184 181 152 184
92 181 152 183 181 152 183
93 181 153 182 181 153 182
94 181 154 179 181 154 179
95 180 155 177 180 155 177
96 179 156 175 179 156 175
97 180 157 172 180 157 172
98 180 159 170 180 159 170
99 180 162 170 180 162 170
100 179 165 170 179 165 170
101 180 166 168 180 166 168
102 182 167 165 182 167 165
103 184 167 164 184 167 164
104 184 168 164 184 168 164
105 185 168 163 185 168 163
106 186 169 161 186 169 161
107 188 170 159 188 170 159
108 188 173 158 188 173 158
109 188 175 157 188 175 157
110 186 176 156 186 176 157
111 184 178 157 184 178 157
112 184 180 156 184 180 156
113 184 182 155 184 182 155
114 183 184 154 183 184 154
115 181 186 153 181 186 153
116 180 187 152 180 187 151
117 179 188 148 179 188 148
118 178 189 145 178 189 145
119 177 190 144 177 190 144
120 175 191 141 175 191 141
121 173 192 139 173 192 139
122 172 191 137 172 191 137
123 171 190 135 171 190 135
124 170 189 134 170 189 134
125 169 187 134 169 187 134
126 168 185 134 168 185 133
127 168 185 132 168 185 132
128 167 185 131 167 185 131
129 166 184 129 166 184 129
130 166 186 128 166 186 128
131 165 187 127 165 187 127
132 164 189 127 164 189 127
133 162 190 128 162 190 128
134 160 190 128 160 190 128
135 160 192 128 160 192 128
136 160 192 127 160 192 127
137 160 192 125 160 192 125
138 160 191 124 160 191 124
139 159 190 123 159 190 123
140 160 190 121 160 190 121
141 161 189 120 161 189 120
142 161 188 120 161 188 120
143 160 186 119 160 186 119
144 159 183 119 159 183 119
145 157 179 118 157 179 118
146 156 178 118 156 178 118
147 154 177 118 154 177 117
148 154 176 116 154 176 116
149 154 174 116 154 174 116
150 152 172 114 152 172 114
151 152 171 114 152 171 114
152 151 170 113 151 170 113
153 149 170 111 149 170 111
154 146 171 110 146 171 110
155 145 175 108 145 175 108
156 144 176 108 144 176 108
157 143 178 106 143 178 106
158 142 179 105 142 179 105
159 141 179 103 141 179 103
160 140 178 101 140 178 100
161 140 177 99 140 177 99
162 140 176 96 140 176 96
163 140 174 93 140 174 93
164 141 174 89 141 174 89
165 143 174 88 143 174 88
166 143 173 87 143 173 87
167 144 172 86 144 172 85
168 146 170 84 146 170 84
169 147 170 82 147 170 82
170 148 168 79 148 168 80
171 149 167 78 149 167 78
172 151 166 75 151 166 76
173 151 164 74 151 164 74
174 151 162 72 151 162 72
175 152 161 69 152 161 69
176 150 159 68 150 159 68
177 147 159 67 147 159 66
178 144 158 66 144 158 67
179 141 156 66 141 156 66
180 139 153 62 139 153 62
181 139 151 61 139 151 62
182 139 150 59 139 150 59
183 137 149 56 137 149 56
184 137 149 53 137 149 54
185 137 149 51 137 149 51
186 136 149 48 136 149 48
187 135 150 48 135 150 47
188 136 150 46 136 150 46
189 136 150 43 136 150 44
190 137 149 43 137 149 43
191 137 149 41 137 149 41
192 137 149 39 137 149 40
193 139 149 38 139 149 38
194 141 149 37 141 149 37
195 141 148 35 141 148 35
196 143 147 33 143 147 33
197 143 147 31 143 147 31
198 143 146 29 143 146 29
199 144 146 29 144 146 29
200 144 145 28 144 145 28
201 144 145 27 144 145 27
202 144 143 25 144 143 25
203 146 142 23 146 142 23
204 147 140 22 147 140 21
205 149 139 21 149 139 20
206 148 138 19 148 138 19
207 148 139 17 148 139 17
208 147 138 15 147 138 16
209 147 137 12 147 137 12
210 148 136 9 148 136 9
211 150 135 7 150 135 7
212 151 133 5 151 133 6
213 153 130 5 153 130 5
214 155 128 4 155 128 4
215 159 128 2 159 128 2
216 161 129 359 161 129 359
217 163 130 358 163 130 357
218 166 131 356 166 131 356
219 168 132 354 168 132 354
220 169 134 353 169 134 353
221 170 133 352 170 133 352
222 171 134 350 171 134 350
223 172 133 349 172 133 350
224 173 134 348 173 134 348
225 172 133 346 172 133 346
226 172 132 345 172 132 345
227 171 130 344 171 130 344
228 170 131 342 170 131 342
229 169 132 341 169 132 341
230 167 132 341 167 132 341
231 167 133 342 167 133 342
232 167 133 342 167 133 342
233 169 132 341 169 132 341
234 169 132 341 169 132 341
235 171 132 341 171 132 341
236 173 131 340 173 131 340
237 174 132 339 174 132 339
238 175 133 337 175 133 337
239 176 133 336 176 133 336
240 176 133 334 176 133 334
241 176 132 331 176 132 331
242 175 132 326 175 132 326
243 176 132 323 176 132 323
244 175 131 322 175 131 322
245 176 132 322 176 132 322
246 176 133 323 176 133 323
247 177 136 325 177 136 325
248 179 139 326 179 139 326
249 180 141 326 180 141 326
250 182 142 327 182 142 327
251 184 141 327 184 141 327
252 185 140 328 185 140 328
253 185 140 328 185 140 328
254 186 140 327 186 140 327
255 188 138 325 188 138 325
256 187 136 322 187 136 322
257 186 135 320 186 135 321
258 187 136 321 187 136 321
259 187 135 322 187 135 322
260 189 135 323 189 135 323
261 188 134 322 188 134 321
262 188 133 321 188 133 321
263 188 133 320 188 133 320
264 189 135 321 189 135 321
265 189 136 321 189 136 321
266 191 136 322 191 136 323
267 193 136 323 193 136 323
268 196 134 322 196 134 322
269 199 131 320 199 131 320
270 201 129 318 201 129 318
271 202 127 316 202 127 316
272 202 127 315 202 127 315
273 201 125 313 201 125 313
274 200 124 312 200 124 312
275 199 124 309 199 124 309
276 199 124 307 199 124 307
277 198 123 306 198 123 306
278 199 124 305 199 124 305
279 200 125 303 200 125 303
280 200 126 304 200 126 303
281 203 128 303 203 128 303
282 203 131 305 203 131 305
283 205 133 308 205 133 308
284 207 135 309 207 135 309
285 210 136 308 210 136 308
286 211 135 306 211 135 306
287 211 136 304 211 136 305
288 210 137 304 210 137 304
289 211 138 302 211 138 302
290 212 137 299 212 137 299
291 213 138 298 213 138 298
292 213 138 294 213 138 295
293 215 141 292 215 141 292
294 216 142 291 216 142 291
295 219 143 290 219 143 290
296 221 143 289 221 143 289
297 222 144 289 222 144 289
298 222 144 289 222 144 289
299 222 145 289 222 145 289
300 222 146 290 222 146 290
301 222 148 291 222 148 291
302 223 150 292 223 150 292
303 221 152 291 221 152 291
304 219 153 291 219 153 291
305 219 153 291 219 153 291
306 219 153 291 219 153 291
307 219 153 292 219 153 292
308 219 153 292 219 153 292
309 218 154 291 218 154 291
310 219 155 291 219 155 291
311 219 156 290 219 156 290
312 221 156 290 221 156 290
313 223 156 289 223 156 289
314 225 158 288 225 158 288
315 228 159 286 228 159 286
316 230 161 283 230 161 284
317 231 161 281 231 161 281
318 232 160 279 232 160 278
319 233 160 277 233 160 277
320 234 160 276 234 160 276
321 235 162 275 235 162 275
322 235 162 273 235 162 273
323 235 160 271 235 160 271
324 235 159 273 235 159 272
325 235 158 269 235 158 269
326 237 157 268 237 157 267
327 239 158 268 239 158 267
328 241 157 267 241 157 266
329 243 159 265 243 159 264
330 246 161 264 246 161 264
331 248 164 264 248 164 264
332 249 169 261 249 169 261
333 252 171 262 252 171 262
334 255 176 262 255 176 262
335 256 180 263 256 180 263
336 258 181 264 258 181 264
337 259 183 264 259 183 264
338 261 184 263 261 184 263
339 264 187 264 264 187 264
340 267 192 262 267 192 262
341 268 194 261 268 194 261
342 269 196 259 269 196 259
343 269 196 258 269 196 258
344 268 196 258 268 196 258
345 265 196 254 265 196 254
346 263 197 256 263 197 256
347 262 198 257 262 198 256
348 263 200 257 263 200 257
349 265 201 257 265 201 257
350 266 201 256 266 201 256
351 267 202 255 267 202 255
352 268 203 255 268 203 255
353 269 205 254 269 205 254
354 270 206 254 270 206 254
355 272 207 254 272 207 254
356 273 207 251 273 207 251
357 273 208 249 273 208 248
358 274 208 247 274 208 247
359 275 209 247 275 209 247
360 276 211 246 276 211 245
361 276 214 245 276 214 245
362 275 215 244 275 215 244
363 274 218 244 274 218 244
364 274 218 244 274 218 244
365 275 217 243 275 217 243
366 275 218 244 275 218 245
367 276 219 244 276 219 245
368 276 219 245 276 219 245
369 275 220 244 275 220 244
370 275 221 244 275 221 244
371 276 223 243 276 223 243
372 276 224 244 276 224 244
373 276 226 244 276 226 244
374 276 229 246 276 229 246
375 276 231 245 276 231 245
376 278 232 244 278 232 244
377 280 233 244 280 233 244
378 281 234 245 281 234 245
379 283 237 245 283 237 245
380 286 240 244 286 240 244
381 288 242 243 288 242 243
382 290 243 242 290 243 242
383 290 245 242 290 245 242
384 289 247 240 289 247 240
385 288 247 240 288 247 240
386 285 247 238 285 247 238
387 283 247 237 283 247 236
388 282 248 234 282 248 234
389 280 249 232 280 249 232
390 280 251 233 280 251 233
391 280 253 233 280 253 233
392 280 256 232 280 256 232
393 279 257 231 279 257 231
394 278 260 228 278 260 228
395 275 263 223 275 263 224
396 275 267 220 275 267 220
397 277 271 220 277 271 220
398 277 274 220 277 274 220
399 275 279 220 275 279 220
400 273 281 219 273 281 219
401 272 283 217 272 283 217
402 271 284 213 271 284 214
403 269 284 212 269 284 212
404 268 284 209 268 284 209
405 265 284 208 265 284 208
406 263 284 203 263 284 203
407 261 284 201 261 284 202
408 259 283 201 259 283 201
409 257 284 201 257 284 200
410 256 283 198 256 283 198
411 255 282 197 255 282 197
412 254 281 195 254 281 195
413 252 281 192 252 281 192
414 252 280 190 252 280 190
415 251 280 189 251 280 189
416 250 282 189 250 282 189
417 249 283 189 249 283 189
418 249 286 188 249 286 188
419 249 288 188 249 288 188
420 248 290 186 248 290 186
421 248 291 184 248 291 184
422 249 292 182 249 292 182
423 250 293 181 250 293 181
424 250 294 179 250 294 179
425 251 296 177 251 296 177
426 251 298 175 251 298 175
427 252 297 171 252 297 171
428 254 297 169 254 297 169
429 256 298 164 256 298 164
430 258 299 161 258 299 161
431 259 299 157 259 299 157
432 260 301 154 260 301 154
433 262 303 151 262 303 151
434 265 303 150 265 303 150
435 268 304 149 268 304 149
436 269 305 151 269 305 151
437 272 305 150 272 305 150
438 273 304 149 273 304 149
439 273 305 145 273 305 145
440 272 305 144 272 305 144
441 272 307 141 272 307 141
442 272 309 139 272 309 139
443 272 310 137 272 310 137
444 272 311 137 272 311 137
445 271 312 137 271 312 137
446 270 312 137 270 312 137
447 270 312 137 270 312 137
448 270 314 137 270 314 137
449 270 314 137 270 314 137
450 270 314 137 270 314 137
451 269 314 137 269 314 137
452 268 314 137 268 314 137
453 267 314 137 267 314 137
454 266 315 137 266 315 137
455 265 315 138 265 315 138
456 265 314 138 265 314 138
457 266 314 138 266 314 138
458 266 314 138 266 314 139
459 266 314 139 266 314 138
460 265 314 139 265 314 139
461 263 314 140 263 314 140
462 262 314 141 262 314 141
463 262 314 140 262 314 140
464 261 314 140 261 314 140
465 260 317 140 260 317 139
466 259 321 140 259 321 139
467 258 324 140 258 324 140
468 258 324 140 258 324 140
469 258 325 140 258 325 140
470 258 325 140 258 325 140
471 258 325 140 258 325 139
472 257 326 140 257 326 141
473 256 326 141 256 326 141
474 256 328 142 256 328 142
475 254 328 144 254 328 144
476 252 327 146 252 327 145
477 251 326 146 251 326 146
478 250 326 146 250 326 146
479 250 328 145 250 328 145
480 249 330 146 249 330 146
481 248 330 146 248 330 146
482 248 330 144 248 330 144
483 247 330 142 247 330 142
484 247 330 141 247 330 141
485 247 332 142 247 332 141
486 246 333 139 246 333 140
487 245 334 139 245 334 139
488 243 336 138 243 336 138
489 240 339 137 240 339 137
490 237 341 135 237 341 135
491 236 343 134 236 343 134
492 235 345 134 235 345 134
493 233 347 134 233 347 134
494 232 350 132 232 350 132
495 231 354 131 231 354 131
496 228 356 129 228 356 129
497 226 358 129 226 358 129
498 224 358 127 224 358 127
499 222 358 125 222 358 125
500 220 359 124 220 359 124
501 218 359 123 218 359 123
502 216 359 123 216 359 123
503 215 359 120 215 359 121
504 213 360 120 213 360 120
505 211 362 119 211 362 119
506 209 363 120 209 363 121
507 207 363 118 207 363 120
508 204 363 118 204 363 118
509 202 362 116 202 362 117
510 201 362 114 201 362 116
511 198 363 114 198 363 116
512 196 363 113 196 363 116
513 193 363 113 193 363 116
514 191 364 112 191 364 116
515 189 365 112 189 365 114
516 188 365 111 188 365 114
517 187 365 111 187 365 114
518 186 362 110 186 362 112
519 185 362 110 185 362 111
520 184 361 110 184 361 111
521 183 361 110 183 361 110
522 181 361 110 181 361 111
523 178 362 111 178 362 112
524 177 362 111 177 362 113
525 175 363 112 175 363 114
526 172 362 110 172 362 111
527 169 361 107 169 361 108
528 168 360 105 168 360 105
529 168 359 103 168 359 103
530 169 359 103 169 359 103
531 169 359 102 169 359 102
532 169 359 101 169 359 102
533 168 359 100 168 359 102
534 167 359 99 167 359 101
535 167 359 97 167 359 99
536 167 359 95 167 359 97
537 168 359 95 168 359 97
538 168 360 94 168 360 96
539 167 361 93 167 361 97
540 166 362 94 166 362 96
541 163 362 95 163 362 99
542 162 360 94 162 360 96
543 160 359 94 160 359 95
544 159 360 93 159 360 95
545 158 361 93 158 361 94
546 156 361 92 156 361 94
547 154 360 92 154 360 94
548 152 359 92 152 359 94
549 150 357 91 150 357 93
550 148 356 91 148 356 92
551 146 356 91 146 356 92
552 143 356 89 143 356 91
553 142 356 88 142 356 91
554 141 357 88 141 357 91
555 140 358 88 140 358 91
556 140 358 86 140 358 89
557 139 358 85 139 358 88
558 137 358 82 137 358 86
559 136 357 81 136 357 85
560 135 357 79 135 357 78
561 135 356 76 135 356 73
562 135 355 74 135 355 70
563 135 354 72 135 354 69
564 134 352 71 134 352 68
565 133 349 70 133 349 70
566 133 347 70 133 347 70
567 133 348 68 133 348 68
568 132 347 66 132 347 66
569 131 345 65 131 345 65
570 131 344 62 131 344 62
571 131 343 60 131 343 60
572 131 340 58 131 340 58
573 130 338 57 130 338 57
574 130 335 56 130 335 56
575 130 332 55 130 332 55
576 130 329 53 130 329 53
577 132 326 50 132 326 50
578 133 325 48 133 325 48
579 135 324 44 135 324 45
580 138 324 44 138 324 44
581 141 324 42 141 324 42
582 143 323 40 143 323 40
583 143 323 37 143 323 37
584 143 323 35 143 323 34
585 142 323 32 142 323 32
586 142 321 30 142 321 30
587 142 320 31 142 320 31
588 141 318 30 141 318 30
589 142 317 28 142 317 28
590 144 315 27 144 315 27
591 146 313 24 146 313 24
592 148 311 22 148 311 22
593 149 310 21 149 310 21
594 152 309 21 152 309 21
595 153 308 20 153 308 20
596 154 306 19 154 306 19
597 155 303 19 155 303 19
598 155 302 19 155 302 19
599 155 300 18 155 300 18
600 155 299 17 155 299 17
601 158 298 16 158 298 16
602 159 298 14 159 298 14
603 162 297 14 162 297 14
604 163 295 12 163 295 12
605 164 294 12 164 294 12
606 163 294 12 163 294 12
607 164 294 11 164 294 11
608 166 295 9 166 295 9
609 167 295 8 167 295 8
610 168 297 7 168 297 7
611 170 299 6 170 299 6
612 171 299 5 171 299 5
613 172 299 3 172 299 3
614 175 299 3 175 299 3
615 177 299 4 177 299 4
616 180 297 4 180 297 4
617 183 297 3 183 297 3
618 186 296 2 186 296 3
619 187 295 2 187 295 2
620 189 294 1 189 294 1
621 189 293 359 189 293 359
622 190 293 359 190 293 359
623 190 292 357 190 292 357
624 191 291 356 191 291 356
625 190 290 355 190 290 355
626 191 290 353 191 290 353
627 191 289 352 191 289 352
628 193 287 350 193 287 350
629 193 286 349 193 286 349
630 194 286 347 194 286 347
631 195 287 345 195 287 345
632 196 288 343 196 288 343
633 197 290 340 197 290 340
634 199 291 339 199 291 339
635 201 292 338 201 292 338
636 203 294 337 203 294 337
637 205 293 335 205 293 335
638 206 293 334 206 293 334
639 207 294 333 207 294 333
640 208 293 331 208 293 331
641 209 293 330 209 293 330
642 210 293 329 210 293 329
643 211 293 329 211 293 329
644 211 293 328 211 293 328
645 212 292 328 212 292 328
646 213 292 326 213 292 326
647 212 292 325 212 292 325
648 212 292 324 212 292 324
649 211 293 324 211 293 324
650 212 295 324 212 295 324
651 212 295 324 212 295 324
652 212 296 322 212 296 322
653 213 297 320 213 297 320
654 213 299 320 213 299 319
655 214 301 319 214 301 319
656 214 303 319 214 303 319
657 216 304 318 216 304 318
658 216 305 317 216 305 317
659 217 306 316 217 306 316
660 219 308 315 219 308 315
661 220 308 314 220 308 314
662 220 310 313 220 310 313
663 221 311 311 221 311 311
664 220 313 308 220 313 308
665 220 315 307 220 315 307
666 222 316 305 222 316 305
667 223 318 303 223 318 303
668 224 320 301 224 320 301
669 223 323 298 223 323 298
670 222 324 294 222 324 294
671 223 326 292 223 326 292
672 224 326 293 224 326 293
673 225 327 293 225 327 293
674 227 328 292 227 328 292
675 228 328 292 228 328 292
676 230 329 291 230 329 291
677 230 331 289 230 331 289
678 231 331 287 231 331 287
679 234 332 286 234 332 286
680 234 332 283 234 332 283
681 235 333 282 235 333 283
682 237 334 282 237 334 282
683 238 335 280 238 335 281
684 239 337 279 239 337 279
685 239 338 279 239 338 278
686 239 339 278 239 339 278
687 240 341 277 240 341 277
688 242 343 276 242 343 276
689 243 345 275 243 345 275
690 244 345 274 244 345 274
691 245 346 272 245 346 272
692 247 348 271 247 348 271
693 248 350 271 248 350 272
694 248 351 271 248 351 271
695 247 352 269 247 352 269
696 248 353 267 248 353 267
697 248 356 266 248 356 268
698 248 358 266 248 358 262
699 248 359 265 248 359 261
700 249 360 263 249 360 264
701 249 361 262 249 361 263
702 248 361 260 248 361 256
703 250 361 259 250 361 255
704 252 361 259 252 361 255
705 253 362 258 253 362 254
706 255 363 257 255 363 253
707 258 365 257 258 365 256
708 260 365 257 260 365 256
709 262 367 257 262 367 255
710 263 369 258 263 369 253
711 264 372 256 264 372 251
712 264 374 255 264 374 253
713 264 376 254 264 376 251
714 265 377 251 265 377 249
715 265 378 249 265 378 248
716 266 380 247 266 380 248
717 269 380 246 269 380 246
718 271 381 245 271 381 246
719 272 381 244 272 381 244
720 274 381 243 274 381 243
721 276 380 242 276 380 240
722 276 380 240 276 380 240
723 276 381 239 276 381 239
724 276 382 237 276 382 238
725 276 382 236 276 382 236
726 276 381 236 276 381 236
727 277 383 235 277 383 236
728 277 384 235 277 384 236
729 276 384 233 276 384 235
730 274 384 232 274 384 232
731 273 383 229 273 383 229
732 273 383 228 273 383 228
733 272 381 225 272 381 221
734 271 379 224 271 379 220
735 271 378 223 271 378 220
736 270 376 221 270 376 220
737 271 374 216 271 374 219
738 272 373 217 272 373 217
739 273 371 215 273 371 215
740 274 369 213 274 369 212
741 274 367 210 274 367 210
742 273 367 209 273 367 209
743 272 366 206 272 366 206
744 270 365 203 270 365 203
745 267 364 201 267 364 201
746 266 363 199 266 363 200
747 265 362 198 265 362 198
748 263 361 195 263 361 195
749 262 360 192 262 360 192
750 262 359 190 262 359 190
751 262 357 187 262 357 187
752 262 356 184 262 356 184
753 262 355 183 262 355 183
754 261 355 182 261 355 182
755 261 354 178 261 354 178
756 261 353 175 261 353 175
757 261 352 173 261 352 173
758 261 353 170 261 353 170
759 261 352 168 261 352 168
760 260 352 167 260 352 167
761 260 353 166 260 353 166
762 260 353 164 260 353 164
763 261 354 162 261 354 162
764 261 355 159 261 355 159
765 262 357 156 262 357 156
766 262 357 153 262 357 153
767 262 357 150 262 357 150
768 262 355 147 262 355 147
769 261 354 145 261 354 145
770 261 352 143 261 352 143
771 261 351 140 261 351 140
772 261 350 137 261 350 137
773 261 348 133 261 348 133
774 261 347 132 261 347 131
775 259 346 130 259 346 130
776 259 345 128 259 345 128
777 257 343 127 257 343 127
778 255 343 125 255 343 125
779 251 343 124 251 343 124
780 248 342 123 248 342 123
781 246 342 122 246 342 122
782 244 343 120 244 343 120
783 243 344 120 243 344 120
784 242 345 119 242 345 119
785 240 344 118 240 344 118
786 238 345 116 238 345 116
787 238 345 114 238 345 114
788 237 347 112 237 347 112
789 237 349 111 237 349 111
790 236 350 110 236 350 108
791 236 350 107 236 350 107
792 236 350 107 236 350 106
793 235 349 106 235 349 106
794 233 349 105 233 349 106
795 232 348 106 232 348 106
796 232 348 106 232 348 106
797 230 347 107 230 347 107
798 230 346 108 230 346 108
799 230 345 108 230 345 108
800 230 345 108 230 345 108
801 230 343 108 230 343 108
802 231 341 108 231 341 108
803 232 340 108 232 340 108
804 233 338 108 233 338 108
805 234 337 106 234 337 106
806 234 336 105 234 336 105
807 233 335 103 233 335 103
808 233 334 103 233 334 103
809 234 334 103 234 334 103
810 234 334 103 234 334 102
811 234 334 101 234 334 102
812 233 335 101 233 335 100
813 233 337 100 233 337 100
814 233 339 97 233 339 97
815 233 340 95 233 340 96
816 234 339 95 234 339 95
817 234 339 96 234 339 96
818 233 340 96 233 340 96
819 233 340 95 233 340 96
820 232 342 94 232 342 94
821 232 342 93 232 342 93
822 232 342 92 232 342 92
823 232 342 91 232 342 91
824 231 340 91 231 340 91
825 229 339 91 229 339 91
826 228 338 91 228 338 91
827 226 337 91 226 337 91
828 225 336 89 225 336 89
829 224 335 88 224 335 88
830 223 334 87 223 334 88
831 222 332 86 222 332 86
832 221 331 84 221 331 84
833 218 331 81 218 331 81
834 216 329 79 216 329 80
835 215 327 79 215 327 79
836 215 324 77 215 324 77
837 214 324 76 214 324 76
838 212 326 75 212 326 75
839 212 327 73 212 327 73
840 213 327 72 213 327 72
841 214 328 70 214 328 70
842 216 329 69 216 329 68
843 216 329 68 216 329 68
844 216 330 69 216 330 69
845 216 330 69 216 330 69
846 215 330 68 215 330 68
847 214 330 67 214 330 67
848 212 330 66 212 330 66
849 210 329 65 210 329 65
850 209 328 64 209 328 64
851 208 327 64 208 327 64
852 208 325 64 208 325 64
853 207 326 64 207 326 64
854 206 327 64 206 327 64
855 205 326 64 205 326 64
856 204 325 62 204 325 62
857 204 323 61 204 323 61
858 205 321 61 205 321 61
859 205 319 61 205 319 61
860 206 316 61 206 316 61
861 206 315 59 206 315 59
862 208 313 59 208 313 59
863 210 313 58 210 313 58
864 212 312 57 212 312 57
865 212 310 57 212 310 57
866 213 308 56 213 308 56
867 214 307 55 214 307 55
868 215 306 55 215 306 55
869 215 306 53 215 306 53
870 216 305 53 216 305 53
871 216 303 53 216 303 53
872 217 303 53 217 303 53
873 219 301 51 219 301 51
874 221 300 51 221 300 50
875 222 299 50 222 299 50
876 221 295 46 221 295 46
877 223 292 42 223 292 42
878 227 288 38 227 288 39
879 232 286 36 232 286 36
880 237 287 36 237 287 36
881 241 288 38 241 288 38
882 243 289 40 243 289 40
883 244 288 40 244 288 40
884 246 288 41 246 288 41
885 247 288 42 247 288 42
886 247 288 42 247 288 42
887 247 289 42 247 289 42
888 246 289 41 246 289 41
889 244 288 41 244 288 41
890 242 287 42 242 287 42
891 242 286 41 242 286 41
892 241 284 41 241 284 41
893 240 284 40 240 284 40
894 238 284 38 238 284 38
895 237 283 38 237 283 38
896 236 283 36 236 283 36
897 235 283 35 235 283 35
898 234 282 35 234 282 35
899 232 281 33 232 281 33
900 231 280 32 231 280 32
901 230 278 31 230 278 31
902 231 276 31 231 276 31
903 231 274 28 231 274 28
904 232 274 25 232 274 25
905 231 274 24 231 274 24
906 233 274 21 233 274 21
907 232 275 18 232 275 18
908 232 275 14 232 275 14
909 232 275 14 232 275 14
910 232 274 12 232 274 12
911 233 274 14 233 274 14
912 233 275 14 233 275 14
913 233 276 14 233 276 15
914 234 277 14 234 277 14
915 234 278 14 234 278 14
916 234 278 12 234 278 12
917 235 277 10 235 277 10
918 235 276 9 235 276 9
919 236 275 9 236 275 9
920 238 275 6 238 275 6
921 240 274 7 240 274 7
922 241 274 8 241 274 8
923 242 274 8 242 274 8
924 243 273 8 243 273 8
925 243 273 9 243 273 9
926 243 272 8 243 272 8
927 242 272 7 242 272 7
928 242 272 7 242 272 7
929 241 272 6 241 272 6
930 242 272 5 242 272 4
931 244 271 4 244 271 4
932 244 271 4 244 271 4
