0 332 165 0
1 334 156 355
2 333 149 350
3 333 141 344
4 334 137 340
5 331 132 336
6 328 130 333
7 323 128 329
8 318 127 326
9 315 124 321
10 313 121 320
11 312 118 318
12 312 115 317
13 309 114 314
14 308 114 312
15 305 118 311
16 303 122 311
17 299 126 311
18 297 129 310
19 295 135 308
20 296 142 307
21 298 149 305
22 301 154 301
23 304 158 296
24 305 161 291
25 308 166 287
26 309 170 282
27 311 176 273
28 312 186 268
29 312 193 262
30 313 198 257
31 311 200 253
32 309 202 249
33 309 205 245
34 309 212 244
35 311 221 242
36 316 228 237
37 319 234 233
38 320 235 229
39 319 232 225
40 318 232 226
41 317 230 226
42 315 228 223
43 316 228 224
44 316 228 223
45 315 227 223
46 316 228 223
47 317 227 223
48 317 225 221
49 316 225 220
50 316 223 220
51 316 224 220
52 316 224 220
53 316 224 220
54 317 225 221
55 317 225 221
56 316 224 221
57 316 224 220
58 316 224 221
59 316 224 221
60 315 224 221
61 315 224 221
62 313 224 222
63 312 225 222
64 313 226 222
65 315 227 223
66 317 229 223
67 315 230 222
68 312 230 221
69 312 230 221
70 307 235 220
71 305 235 220
72 304 235 217
73 303 235 213
74 303 236 209
75 303 237 208
76 301 239 205
77 300 241 203
78 299 242 198
79 299 243 192
80 299 241 190
81 301 238 186
82 302 235 183
83 304 235 178
84 306 233 175
85 307 231 171
86 308 229 168
87 311 230 165
88 313 228 163
89 314 227 161
90 315 227 159
91 315 227 158
92 313 229 155
93 310 231 152
94 308 238 151
95 303 243 148
96 301 248 147
97 298 251 149
98 296 250 148
99 292 250 145
100 288 252 143
101 287 254 142
102 283 256 138
103 280 258 137
104 280 256 136
105 281 256 138
106 276 254 133
107 273 254 132
108 272 254 129
109 274 257 127
110 276 258 123
111 281 259 121
112 283 261 117
113 284 264 114
114 286 263 112
115 287 262 108
116 289 258 105
117 286 253 99
118 281 249 94
119 275 248 91
120 270 249 89
121 264 249 87
122 260 250 83
123 257 253 78
124 257 254 74
125 255 253 69
126 256 249 62
127 255 245 57
128 253 243 53
129 254 239 46
130 252 235 44
131 251 233 43
132 251 231 40
133 252 227 35
134 252 226 31
135 252 224 27
136 250 221 21
137 252 220 15
138 255 219 16
139 255 219 16
