326 287 -71.7541
327 283 -69.3734
327 282 -67.1955
325 284 -65.0561
327 289 -63.4349
326 294 -62.0871
325 292 -60.5129
325 290 -58.627
326 285 -56.8118
325 281 -54.1489
322 281 -51.1531
316 280 -49.431
313 279 -46.9162
310 273 -45.6486
312 272 -44.5724
312 274 -42.0097
313 275 -38.991
313 276 -35.7144
316 274 -31.2263
320 273 -28.6105
324 271 -30.3882
323 270 -29.5564
323 272 -28.0907
322 267 -28.1977
315 263 -24.9439
306 260 -21.4677
295 259 -19.5923
287 261 -16.5571
281 253 -16.236
282 248 -14.912
279 249 -14.7587
280 251 -13.6713
278 252 -12.5618
277 255 -13.6713
277 256 -12.6954
273 258 -11.9043
274 258 -11.0118
272 261 -10.4138
273 262 -9.41263
274 265 -9.01932
277 266 -8.30346
277 266 -7.35238
276 266 -6.63947
277 263 -4.56181
277 259 -5.19443
278 260 -4.25885
278 258 -2.1211
279 261 -2.43665
280 260 -2.72631
282 261 -3.61388
280 264 -3.63295
280 264 -2.71198
280 265 -2.98146
279 265 -3.59501
277 266 -0.914217
278 267 -1.21888
279 267 -0.914217
281 267 0
286 268 1.54816
287 272 2.14376
290 271 3.99804
291 275 4.32765
289 280 4.30447
286 280 3.95565
283 281 3.89371
282 283 2.99704
281 285 2.68378
280 287 3.95565
280 289 2.99704
280 293 3.06103
277 296 5.86387
276 296 6.97493
275 296 7.01186
277 298 8.86186
276 304 9.46232
272 308 9.95581
271 313 10.008
272 317 8.51578
276 317 8.65254
276 319 9.46232
278 321 9.30994
280 320 9.41098
279 319 11.9207
280 322 13.8101
279 321 14.7746
281 322 15.9031
282 322 16.9661
280 321 19.8791
280 321 20.4495
282 321 20.6636
280 319 21.6891
279 320 23.5594
279 320 24.2136
276 320 23.6821
272 324 24.6694
270 328 24.4191
267 329 26.8372
265 331 29.1738
263 331 30.8577
262 331 30.2346
