0 349 247 0
1 349 248 359
2 350 249 359
3 350 249 359
4 350 249 359
5 350 250 359
6 349 251 359
7 348 251 359
8 347 252 359
9 347 252 359
10 347 253 359
11 347 254 358
12 347 253 358
13 346 254 357
14 346 254 356
15 345 254 355
16 345 254 354
17 344 255 354
18 343 255 353
19 343 255 353
20 342 254 353
21 342 254 353
22 342 254 353
23 342 252 353
24 342 252 353
25 340 253 352
26 339 254 352
27 337 254 352
28 336 254 352
29 335 254 352
30 334 254 351
31 334 254 351
32 333 254 350
33 332 255 348
34 332 255 347
35 331 256 347
36 331 256 345
37 330 256 342
38 330 256 345
39 328 258 344
40 327 258 344
41 327 258 344
42 327 258 343
43 326 258 339
44 326 258 342
45 326 257 341
46 326 257 336
47 327 257 339
48 327 257 335
49 326 255 334
50 325 256 332
51 324 256 331
52 323 255 330
53 321 255 329
54 320 256 328
55 319 256 327
56 318 256 326
57 317 255 324
58 316 255 322
59 315 254 321
60 314 253 319
61 313 254 319
62 312 254 318
63 311 255 318
64 310 255 318
65 310 255 318
66 309 255 318
67 308 255 317
68 307 254 316
69 306 255 316
70 305 254 315
71 305 254 315
72 304 254 314
73 303 254 313
74 302 253 313
75 302 253 312
76 302 253 310
77 301 252 309
78 301 252 308
79 300 251 307
80 300 250 305
81 299 249 305
82 299 249 304
83 299 248 303
84 300 249 302
85 300 249 301
86 300 249 300
87 300 248 299
88 299 248 299
89 300 249 298
90 300 248 296
91 300 249 289
92 299 248 296
93 299 246 295
94 299 245 293
95 298 245 296
96 298 244 293
97 298 244 284
98 298 243 284
99 298 243 283
100 298 242 282
101 299 242 280
102 300 241 278
103 302 241 277
104 303 241 277
105 304 240 284
106 304 240 275
107 305 240 273
108 306 239 271
109 307 238 269
110 307 239 279
111 308 238 278
112 308 236 277
113 307 234 275
114 307 234 275
115 307 234 276
116 307 234 266
117 307 235 266
118 307 236 266
119 307 236 266
120 307 235 267
121 308 237 276
122 308 237 275
123 308 236 274
124 309 236 273
125 309 235 263
126 308 235 262
127 308 234 262
128 308 233 262
129 308 233 272
130 308 232 272
131 308 230 263
132 308 229 271
133 308 228 271
134 308 227 261
135 308 227 261
136 308 226 269
137 307 225 260
138 307 224 259
139 307 223 267
140 306 222 267
141 305 221 255
142 304 221 264
143 304 221 255
144 303 221 255
145 303 221 254
146 302 221 253
147 301 221 251
148 301 221 250
149 300 221 255
150 299 221 259
151 299 221 256
152 299 221 250
153 299 221 250
154 298 220 248
155 299 220 248
156 299 221 249
157 300 221 253
158 300 222 255
159 300 222 250
160 299 221 250
161 299 220 248
162 298 219 250
163 298 219 250
164 296 219 249
165 296 218 247
166 295 218 248
167 295 218 247
168 296 217 239
169 295 216 235
170 295 215 235
171 294 215 232
172 294 215 232
173 295 215 231
174 295 215 231
175 295 215 232
176 296 214 229
177 295 214 228
178 295 214 228
179 297 214 227
180 296 213 226
181 295 213 225
182 295 212 226
183 295 213 225
184 294 212 225
185 294 212 225
186 294 211 224
187 294 212 224
188 293 213 224
189 294 213 224
190 294 215 225
191 294 214 224
192 296 213 223
193 296 214 223
194 297 215 223
195 296 215 222
196 297 215 221
197 297 215 220
198 297 216 220
199 297 215 219
200 297 215 219
201 298 215 217
202 299 215 216
203 299 215 214
204 299 216 214
205 299 215 213
206 299 216 213
207 300 217 212
208 300 217 211
209 301 217 211
210 301 216 210
211 302 216 210
212 302 217 210
213 302 217 209
214 302 217 208
215 302 216 208
216 302 215 208
217 302 214 205
218 302 212 204
219 302 212 204
220 303 212 203
221 303 212 202
222 304 212 201
223 305 212 199
224 306 213 197
225 306 213 197
226 306 213 195
227 306 213 195
228 305 212 194
229 303 209 192
230 301 207 190
231 297 206 187
232 295 204 186
233 292 201 184
234 289 198 184
235 288 198 184
236 289 198 182
237 290 198 181
238 291 199 179
239 292 199 178
240 294 200 176
241 295 200 175
242 296 200 174
243 298 199 173
244 299 201 172
245 301 203 171
246 303 203 170
247 304 204 169
248 305 204 169
249 306 204 168
250 306 204 167
251 306 205 167
252 306 206 167
253 306 205 167
254 306 205 166
255 306 205 166
256 305 206 165
257 305 207 164
258 305 207 165
259 305 206 164
260 306 207 163
261 306 206 162
262 306 206 161
263 307 206 158
264 306 205 155
265 305 203 154
266 304 203 154
267 303 202 153
268 302 202 152
269 302 202 151
270 302 201 152
271 302 201 151
272 301 200 151
273 300 201 149
274 300 199 147
275 299 198 146
276 298 198 145
277 298 198 144
278 298 198 144
