324 287 19.4766
321 284 19.458
321 281 22.3976
318 285 25.5472
326 289 24.9577
325 297 28.7398
323 292 29.9488
321 291 31.1331
323 284 33.0514
328 281 35.9553
320 276 39.6369
315 281 40.3894
312 279 42.93
309 273 43.8309
311 269 45.232
312 271 48.2572
313 272 50.1521
309 273 54.5002
317 277 59.4847
318 272 59.4847
321 270 59.9314
321 269 60.0941
325 271 60.6242
320 264 61.8317
310 262 64.1602
303 260 66.8014
296 258 70.3014
285 262 72.1811
286 252 29.0546
283 253 14.4818
281 252 15.6422
280 254 16.3482
278 257 17.049
278 259 17.049
276 260 18.2039
274 260 17.049
273 263 17.7447
275 264 19.2551
274 264 19.6041
277 267 20.7723
278 269 20.7723
279 268 21.8014
277 268 21.1941
279 265 29.8355
278 263 29.8355
278 262 29.8355
279 263 29.8355
279 264 29.8355
279 264 29.6992
284 265 29.8355
280 267 29.6992
281 267 29.8355
280 267 28.0508
281 267 29.8355
278 265 29.6992
277 270 29.6992
280 271 29.8828
283 274 29.8828
286 272 31.152
289 274 33.0707
292 276 34.2035
291 280 34.3007
290 282 32.9777
287 283 33.4862
283 285 34.3007
282 285 33.4862
280 287 34.2035
278 290 33.4862
281 288 34.2035
279 296 34.3007
279 297 36.0007
278 298 37.2348
276 299 38.0346
276 301 39.8056
274 306 39.8056
273 311 40.3226
273 314 40.3226
272 321 39.2894
276 321 39.0585
275 324 39.8056
277 323 39.2894
278 321 39.8056
279 322 41.3915
280 323 42.668
281 322 44.4838
279 323 45.7848
281 322 47.0826
279 324 47.6026
281 323 48.3665
284 323 48.9182
284 321 50.7626
278 324 50.7626
278 325 50.7106
277 323 59.8485
272 326 59.8485
271 330 59.9816
267 331 59.8485
264 335 59.7968
263 334 59.9816
263 334 59.9816
