324 286 19.3845
324 284 20.8693
325 281 23.1104
322 285 25.6652
323 290 26.7146
326 293 27.3189
322 292 29.1199
322 290 31.079
323 285 34.0609
323 281 36.6686
320 279 39.0776
315 280 40.9651
312 281 43.35
309 274 44.0452
310 273 45.2377
311 272 47.6133
311 274 51.3924
309 273 55.008
316 274 57.7094
319 273 59.8399
323 270 59.8399
321 270 60.4222
322 271 60.5875
322 266 62.3824
314 261 64.7811
303 260 67.199
294 259 70.3916
286 262 72.204
282 254 74.8091
283 253 75.1631
281 252 75.8745
280 254 76.6755
278 257 77.0329
278 259 77.0329
276 260 78.1869
274 260 78.1869
273 263 79.7602
275 264 80.66
274 264 80.72
277 267 82.2348
278 269 82.2348
279 268 83.7808
277 268 83.4181
279 265 84.5424
278 263 85.2364
278 262 85.6013
279 263 86.3322
279 264 86.3555
279 264 87.0454
284 265 87.4308
280 267 87.4142
281 267 86.3322
280 267 88.1524
281 267 87.4308
278 265 88.8912
277 270 89.2607
280 271 90
283 274 90
286 272 90.7345
289 274 92.6026
292 276 94.0593
291 280 94.0334
290 282 92.5692
287 283 93.3019
283 285 94.0334
282 285 93.3019
280 287 94.0593
278 290 93.3019
281 288 94.0593
279 296 94.0334
279 297 95.7824
278 298 96.9441
276 299 97.6668
276 301 99.5829
274 306 99.5829
273 311 99.9443
273 314 99.9443
272 321 98.8017
276 321 98.7462
275 324 99.5829
277 323 98.8017
278 321 99.5829
279 322 101.381
280 323 102.529
281 322 104.39
279 323 105.642
281 322 106.699
279 324 109.134
281 323 109.826
284 323 110.426
284 321 112.28
278 324 112.28
278 325 112.141
277 323 113.629
272 326 113.629
271 330 114.928
267 331 116.075
264 335 117.225
263 334 118.698
263 334 118.698
